		ChromHMM strong		ChromHMM weak		H3K27ac		H3K27ac + H3K4me1		H3K4me1		H3K27ac + H3K4me1 - H3K4me3		p300 conservative		p300 optimal	
Cell line	Description	auROC	auPRC	auROC	auPRC	auROC	auPRC	auROC	auPRC	auROC	auPRC	auROC	auPRC	auROC	auPRC	auROC	auPRC
E003	H1-hESC	0.9024095657	0.3693056158	0.9307997204	0.5136514546	0.9175120349	0.4766844425	0.920338937	0.4041925736	0.9398220056	0.6515031581	0.8988817305	0.3286297163	0.9681804449	0.1886677746	0.9627412107	0.2488597813
E004	H1_BMP4_Derived_Mesendoderm_Cultured_Cells	0.8561757426	0.3399611785	0.8833277878	0.2864520699	0.8497556604	0.3933582281	0.8665325078	0.2626771678	0.8932502281	0.4033222297	0.8751253845	0.2534754444				
E005	H1_BMP4_Derived_Trophoblast_Cultured_Cells	0.8656620945	0.3781210412	0.9097672895	0.4320282229	0.8770594025	0.4388026513	0.901387271	0.4029326236	0.9093420141	0.5747947885	0.8848282475	0.3658276705				
E006	H1_Derived_Mesenchymal_Stem_Cells	0.8787725401	0.4410857125	0.9189004489	0.464523233	0.8949639853	0.5012139325	0.9148656218	0.4490824846	0.9306657106	0.6405490297	0.909586788	0.4139769181				
E007	H1_Derived_Neuronal_Progenitor_Cultured_Cells	0.85308407	0.2193366485	0.8902194127	0.4371977518	0.8823330834	0.306054028	0.8824139256	0.2471461213	0.9156785755	0.5528547059	0.8997110342	0.246899691				
E008	H9_Cell_Line	0.8552080721	0.2396036188	0.9019908202	0.3716325047	0.8908472591	0.3326205402	0.8821652854	0.2003629723	0.9082085696	0.4295003221	0.8704262959	0.1588452675				
E017	IMR90_Cell_Line	0.8926341172	0.48121003	0.9187742723	0.4994512791	0.9134681109	0.5747726122	0.9109778688	0.5217805518	0.919291637	0.6690097693	0.8993783516	0.4532048726				
E021	iPS_DF_6.9_Cell_Line	0.826749597	0.1802784602	0.8899889055	0.4692874526	0.8602929576	0.2493283438	0.892672087	0.1908333866	0.9184624887	0.557049133	0.8701352594	0.1387099111				
E022	iPS_DF_19.11_Cell_Line	0.8556003668	0.297188738	0.914145857	0.5023893575	0.9078129683	0.4534064916	0.943809779	0.4148225932	0.9499423377	0.7007010516	0.9296796456	0.3041439273				
E028	Breast_vHMEC									0.9352373331	0.702958412						
E029	CD14_Primary_Cells	0.9195787454	0.4050727581	0.9207395968	0.4955523391	0.9244293801	0.4796198605	0.9212418508	0.4600531033	0.9274252439	0.6360525093	0.9059513458	0.3664944362				
E032	CD19_Primary_Cells_Peripheral_	0.8032609677	0.2039481647	0.8294150409	0.3296517915	0.818922303	0.3016728917	0.8147543536	0.2812129056	0.8537454089	0.5147718013	0.7691577535	0.1217710553				
E033	CD3_Primary_Cells_Cord_BI									0.8595541231	0.3631914994						
E034	CD3_Primary_Cells_Peripheral_	0.7573932206	0.1788629626	0.810268284	0.2267238492	0.7914522359	0.2808605276	0.8148715092	0.2644103038	0.8431576939	0.4836862027	0.7824219313	0.1521418557				
E046	CD56_Primary_Cells	0.8180373532	0.2413856452	0.8707339383	0.3710148516	0.8511963444	0.3496098242	0.8653080871	0.3167499912	0.8907201916	0.5377044217	0.8390034775	0.2092064107				
E050	Mobilized_CD34_Primary_Cells_Female	0.8391460148	0.2143279171	0.8850821452	0.4675441968	0.8810854301	0.395772586	0.8804101223	0.3793849013	0.5	0.09411389276	0.8344148048	0.1555397502				
E051	Mobilized_CD34_Primary_Cells_Male									0.9074032637	0.6378150067						
E055	Penis_Foreskin_Fibroblast_Primary_Cells_skin01	0.8557833554	0.3648945314	0.8914167173	0.5232227098	0.8876235636	0.5320517093	0.8881786816	0.4994509518	0.9010587394	0.6841582349	0.8590638376	0.294212469				
E056	Penis_Foreskin_Fibroblast_Primary_Cells_skin02	0.8704579103	0.3695684112	0.9108560131	0.4924779211	0.8901457196	0.5120667401	0.9159937451	0.5028861214	0.9305464629	0.6926499027	0.8774581636	0.2806989884				
E057	Penis_Foreskin_Keratinocyte_Primary_Cells_skin02									0.9317022383	0.6586513312						
E059	Penis_Foreskin_Melanocyte_Primary_Cells_skin01	0.7721018625	0.1693152442	0.8344877552	0.3070423685	0.8638137776	0.3041940809	0.8732244396	0.2347513677	0.8558442391	0.3849695183	0.8361645502	0.1380834966				
E080	Fetal_Adrenal_Gland	0.8196982733	0.3591827008	0.8487786227	0.3273604248	0.8317219608	0.4513638147	0.8471212863	0.4288262047	0.8620951816	0.5869209174	0.8218256448	0.361144949				
E081	Fetal_Brain_Male									0.8435597771	0.5135625376						
E082	Fetal_Brain_Female									0.8601496266	0.4871647518						
E083	Fetal_Heart									0.7893693376	0.4908268446						
E084	Fetal_Intestine_Large	0.8208787567	0.3163949798	0.8563140613	0.2626326131	0.8502815394	0.4308333714	0.8405926803	0.3651583292	0.8476166672	0.4911180013	0.8362796294	0.3093359018				
E085	Fetal_Intestine_Small	0.8154135182	0.2876649801	0.8608967356	0.257578151	0.8677164872	0.4497893236	0.8511080219	0.3699203303	0.8546742844	0.5028700477	0.8349770079	0.3098601004				
E086	Fetal_Kidney									0.8877377852	0.4320214098						
E088	Fetal_Lung									0.8146974818	0.5480415857						
E089	Fetal_Muscle_Trunk	0.8152069476	0.3061913388	0.9186948943	0.4322214041	0.84499797	0.4212375746	0.9182871821	0.4287845364	0.941622512	0.6929849118	0.89282899	0.3543711019				
E090	Fetal_Muscle_Leg	0.8102288627	0.3547082208	0.8598398603	0.401874217	0.8169928739	0.4291383578	0.8741261472	0.4312917273	0.900243951	0.6400882645	0.8728065892	0.390881515				
E091	Fetal_Placenta	0.8179291038	0.344496817	0.8888920089	0.4226376238	0.8341481113	0.4082297805	0.8552142495	0.3798324729	0.8887055835	0.5917597584	0.8489075094	0.342281817				
E092	Fetal_Stomach	0.8852717352	0.4399338557	0.881253487	0.3372913748	0.9024855332	0.5333911788	0.9230835653	0.5252630332	0.9176292592	0.6599656263	0.9058007728	0.445305102				
E093	Fetal_Thymus	0.7930433482	0.2399478793	0.85108881	0.3452548503	0.8320478516	0.3649671577	0.8338100321	0.3132546474	0.8632922215	0.5361420522	0.8265584991	0.2480285823				
E094	Gastric	0.892166932	0.361214186	0.931459373	0.3800285582	0.9211079745	0.4806303844	0.9331072413	0.3509103492	0.9316552117	0.5172120073	0.8956306771	0.2567485376				
E097	Ovary	0.8179422202	0.2892333405	0.8205468002	0.3457114226	0.8412409248	0.3750621876	0.8623974122	0.3309357146	0.8647089338	0.4893557829	0.8243939813	0.2635645741				
E098	Pancreas	0.8580484746	0.2534541719	0.887465156	0.4296747917	0.9008573569	0.4082388755	0.9031127525	0.3342045149	0.5	0.05833685648	0.8879177323	0.2580738168				
E100	Psoas_Muscle	0.8636584976	0.3116625286	0.8578070674	0.3035367168	0.8806820513	0.4026305831	0.8742973849	0.2711613465	0.8881306906	0.4340825741	0.8687793515	0.2259476837				
E109	Small_Intestine	0.864736551	0.3841615378	0.8262186464	0.1475387137	0.8840541193	0.459546015	0.8913553592	0.3415653325	0.8701105231	0.4191264362	0.875442255	0.2819034194			0.9423452024	0.4095388737
E114	A549_EtOH_0.02pct_Lung_Carcinoma	0.811516189	0.2625848992	0.8875156285	0.3990705925	0.8273512602	0.4540031919	0.8281964372	0.4195308915	0.8571640349	0.5740659427	0.7807505281	0.1072014019				
E116	GM12878_Lymphoblastoid	0.7085372543	0.08144944647	0.8687048583	0.3422400128	0.8279143458	0.3169652697	0.836073243	0.2753203918	0.8567918793	0.4409344286	0.7306976689	0.08700920438	0.9521625469	0.3159288495	0.9438260646	0.3046554855
E117	HeLa	0.8538075724	0.3581480198	0.8729247318	0.4391225187	0.8744047356	0.461413571	0.8783017389	0.4503348077	0.8844813658	0.5807769256	0.8327337558	0.2047778243	0.9620657538	0.4052050477	0.9571230123	0.4343258654
E118	HepG2_Hepatocellular_Carcinoma	0.870941947	0.2621956517	0.877671699	0.3778921874	0.88386389	0.3810110286	0.888974809	0.3471070243	0.914803479	0.5569275293	0.841198526	0.1805346	0.960889559	0.2838684113	0.972765299	0.3416842636
E119	HMEC_Mammary_Epithelial	0.8907066658	0.4720724949	0.915598159	0.5316316533	0.8975386249	0.5192328764	0.9102050337	0.5155485423	0.9210465031	0.6622451925	0.9066586735	0.4567586972				
E120	HSMM_Skeletal_Muscle_Myoblasts	0.9019201231	0.4829331108	0.9233776241	0.5103567546	0.9066911547	0.5469909307	0.9146715951	0.5160075976	0.9257819127	0.6674098042	0.899192258	0.4146408075				
E121	HSMMtube_Skeletal_Muscle_Myotubes_Derived_from_HSMM	0.8660417034	0.4583961532	0.8926182227	0.4521560701	0.876214611	0.5293998926	0.8820847671	0.4990846863	0.8960911942	0.6445578261	0.8607453305	0.3796110055				
E122	HUVEC_Umbilical_Vein_Endothelial_Cells	0.8576373652	0.4111676303	0.8926602039	0.40578284	0.8759820905	0.4874277348	0.8647739292	0.4462885622	0.8899468108	0.5950700846	0.8593874617	0.3357876757				
E123	K562	0.78526672	0.1779160693	0.829171	0.3438544722	0.82922988	0.3049318977	0.83360874	0.2691267587	0.8267848	0.4315798843	0.78789833	0.107474519	0.94685806	0.337277075	0.95221214	0.367225341
E124	Monocytes-CD14+_RO01746	0.8563052371	0.2726408536	0.8786320945	0.3234102623	0.8814590431	0.4695354947	0.8829053999	0.4623811095	0.9042390045	0.6186025045	0.8388224936	0.1659434715				
E125	NH_A_Astrocytes	0.914419621	0.5345750101	0.9333955359	0.5458004931	0.9227189484	0.6086263311	0.9180362633	0.5850158019	0.9370111241	0.732151028	0.9036016517	0.4311630843				
E126	NHDF_Ad_Adult_Dermal_Fibroblasts	0.8938027129	0.4493266297	0.910720979	0.5462490608	0.9012992157	0.5009753453	0.9134337554	0.4725406176	0.9066203435	0.6290994477	0.9030508145	0.3934445284				
E127	NHEK_Epidermal_Keratinocytes	0.8860553657	0.469776807	0.898484251	0.4978714599	0.8877058999	0.5427843184	0.8951513322	0.5244540689	0.8948566219	0.6565288781	0.8685212311	0.3440760074				
E128	NHLF_Lung_Fibroblasts	0.9120079184	0.4878667417	0.9318833623	0.4921400953	0.9324257797	0.5798546381	0.9277868193	0.5106552255	0.9388638468	0.6484780911	0.9268837589	0.4584711948				
Average		0.8478464821	0.3300627894	0.8843983609	0.4043355157	0.8735420102	0.4363704685	0.883430983	0.3908462442	0.8773875557	0.549056884	0.8607654483	0.2840046137	0.9580312729	0.3061894316	0.9551688215	0.3510482684
